0.004, -0.014, 1.400, -0.042, -1.680, -0.004, 0.780, 0.002, 0.090, 0.800,  2
-0.020, 0.010, -1.080, -0.028, -1.000, 0.000, -6.840, -0.012, -0.046, -0.540,  2
-0.030, -0.002, -0.660, -0.066, -2.800, -0.036, 2.900, -0.052, -0.008, -2.360,  1 Team Win Map 
0.042, 0.018, -0.380, 0.050, 3.840, 0.036, 4.420, 0.020, 0.046, 1.300,  1
0.018, 0.020, 0.720, -0.010, 0.180, -0.002, 5.180, -0.032, -0.014, -2.380,  1
0.136, -0.016, 3.320, 0.168, 6.640, 0.094, 3.140, 0.162, 0.072, 5.120,  1
-0.020, 0.002, -1.020, -0.022, -1.460, 0.002, 1.460, -0.002, 0.128, -2.580,  2 Team Win Map 
0.028, -0.020, 0.480, -0.028, 0.340, -0.002, -1.520, 0.016, 0.102, -1.640,  2
-0.300, -0.098, -23.580, -0.356, -20.640, -0.012, 35.180, 0.110, -1.728, 18.600,  2 Team Win Map 
-0.014, 0.028, -2.180, -0.086, -1.200, -0.020, -1.300, -0.076, -0.166, -4.920,  2 Team Win Map 
0.044, -0.012, 1.955, 0.026, 4.400, 0.010, 4.450, 0.029, 0.008, 2.025,  1
0.062, -0.034, 2.040, 0.098, -0.460, 0.014, -2.880, 0.078, 0.172, 0.220,  1 Team Win Map 
0.116, -0.082, 4.520, 0.184, 4.380, 0.048, -1.280, 0.186, 0.120, 9.880,  1 Team Win Map 
0.256, -0.102, 11.220, 0.156, 10.740, 0.128, 9.100, 0.310, 0.454, 19.860,  1 Team Win Map 
-0.066, 0.026, -1.060, -0.104, -3.140, -0.020, 2.860, -0.072, -0.126, 5.140,  2
-0.054, 0.038, -2.720, 0.054, 2.280, 0.006, 5.460, -0.056, -0.150, -1.560,  1 Team Win Map 
0.112, -0.058, 5.060, 0.120, 5.380, 0.082, -2.980, 0.190, 0.212, -1.860,  2
0.002, -0.012, -0.040, 0.026, 0.660, 0.016, -3.080, 0.032, 0.228, 2.560,  1
-0.076, 0.024, -3.280, -0.124, -4.940, -0.050, -3.840, -0.118, -0.198, -4.060,  2
-0.034, 0.046, -0.540, -0.070, 0.780, -0.010, 3.980, -0.072, 0.094, -11.240,  2 Team Win Map 
-0.006, -0.008, 0.060, -0.002, -0.540, -0.018, -0.560, -0.016, -0.078, 0.340,  2
0.068, -0.086, 3.340, 0.022, -1.160, 0.016, -2.900, 0.152, 0.066, 7.280,  1
0.030, -0.012, 1.740, 0.002, 0.960, 0.014, -4.720, 0.050, 0.184, 1.580,  1 Team Win Map 
-0.034, -0.062, 3.100, -0.136, -3.860, -0.022, -3.200, 0.056, -0.166, 1.880,  1
-0.092, 0.050, -1.240, -0.088, -4.520, -0.042, -4.620, -0.122, -0.190, -12.460,  2
0.008, 0.000, -0.220, -0.026, -1.200, -0.020, -0.760, -0.030, -0.028, 1.400,  1
0.016, -0.010, 0.920, -0.006, 0.640, 0.004, 5.640, 0.028, 0.100, -2.420,  1
-0.010, -0.002, 0.840, 0.014, 0.500, 0.012, 0.860, 0.024, 0.040, 0.820,  1
-0.002, 0.014, -1.740, -0.026, -2.400, 0.000, 1.220, -0.022, -0.122, 0.280,  2 Team Win Map 
0.034, -0.008, 0.920, 0.026, -1.600, 0.012, 2.040, 0.036, 0.058, -0.660,  2 Team Win Map 
-0.048, 0.008, -1.300, -0.066, -6.160, -0.054, -25.800, -0.090, -0.278, 2.580,  2
0.026, -0.003, 0.855, 0.083, 3.875, 0.009, 1.230, 0.011, 0.045, 9.000,  1
0.072, -0.024, 0.840, 0.134, 3.620, 0.032, 1.280, 0.084, 0.400, 2.840,  2 Team Win Map 
-0.024, -0.008, 1.220, -0.052, -2.340, -0.012, -1.680, -0.012, -0.044, -0.600,  1
-0.004, -0.038, 1.260, -0.078, -3.040, -0.026, -4.600, 0.024, -0.050, 2.520,  1
-0.230, 0.132, -13.360, -0.190, -5.780, -0.110, 6.400, -0.322, -0.142, -20.980,  2 Team Win Map 
-0.026, 0.022, -0.880, 0.022, 2.320, 0.010, 3.900, -0.024, -0.104, -0.260,  1 Team Win Map 
-0.004, 0.040, -1.940, -0.026, -0.780, -0.010, -2.680, -0.086, -0.120, -2.060,  2 Team Win Map 
-0.016, 0.042, -1.320, -0.124, -3.860, -0.042, -0.880, -0.124, -0.280, -2.860,  1 Team Win Map 
-0.040, 0.008, -1.200, -0.036, -4.820, -0.050, -25.300, -0.074, 0.014, 1.640,  1
0.004, 0.000, 0.110, 0.005, 1.470, 0.000, 5.210, -0.009, -0.125, 6.460,  1
-0.002, -0.012, 1.700, -0.082, -1.420, -0.028, 1.080, -0.018, -0.152, -5.060,  1 Team Win Map 
0.020, -0.008, 0.240, 0.040, 1.760, 0.028, 7.180, 0.064, -0.248, 8.240,  2
-0.032, -0.010, -0.740, -0.056, -2.480, -0.012, -5.260, -0.004, -0.130, 1.960,  2
0.018, -0.028, 1.680, 0.012, -0.640, 0.002, 7.180, 0.054, 0.056, 1.320,  2 Team Win Map 
0.056, -0.018, 2.520, 0.108, 4.620, 0.046, 3.000, 0.096, -0.024, 3.020,  1
0.004, 0.000, -1.820, 0.042, 1.200, 0.000, 1.620, 0.006, 0.140, 0.760,  1 Team Win Map 
-0.016, 0.000, -0.700, -0.042, -1.760, -0.012, -1.140, -0.022, -0.142, -1.480,  2 Team Win Map 
-0.008, -0.012, 0.760, -0.034, -2.720, -0.032, -1.060, -0.034, 0.058, 0.560,  1
0.082, -0.002, 8.280, 0.220, 2.100, 0.006, 4.760, 0.008, 0.450, 70.880,  1 Team Win Map 
-0.003, -0.014, -1.185, -0.052, -5.190, -0.040, 0.160, -0.036, -0.050, 0.420,  1 Team Win Map 
0.066, -0.004, 1.360, 0.042, 3.480, 0.048, 0.560, 0.072, 0.064, 2.260,  1
-0.006, 0.022, -0.900, -0.020, -0.220, 0.022, 6.860, 0.008, -0.206, 5.840,  2
0.030, -0.022, 2.920, 0.016, -1.420, -0.034, -23.280, -0.012, -0.096, 3.500,  1
-0.162, 0.090, -5.860, -0.180, -7.500, -0.090, -3.440, -0.276, -0.444, -7.660,  2
-0.052, 0.022, -1.860, -0.082, -2.900, 0.002, -6.080, -0.046, -0.144, -2.180,  2
0.072, -0.014, 1.960, 0.068, 3.660, 0.030, -0.360, 0.078, -0.052, 2.940,  2
-0.034, 0.016, -1.720, -0.048, -0.820, -0.004, 0.600, -0.046, -0.054, -1.740,  2 Team Win Map 
0.030, 0.026, -1.860, 0.124, 4.200, 0.036, -2.820, 0.014, 0.136, -0.020,  1
0.019, 0.009, -0.570, -0.058, 0.640, 0.003, 1.555, -0.018, 0.027, -2.025,  1 Team Win Map 
-0.080, 0.020, -3.800, -0.094, -2.380, -0.014, -4.240, -0.050, -0.392, 10.160,  1 Team Win Map 
-0.018, -0.006, -0.160, -0.040, 0.020, -0.004, -1.500, -0.006, 0.038, -7.320,  2
-0.038, 0.006, 0.500, 0.008, 0.120, -0.028, -1.440, -0.056, -0.224, 0.840,  1
-0.036, 0.000, -0.240, -0.044, -2.900, -0.038, -2.100, -0.068, -0.114, -0.240,  2
-0.068, 0.002, -1.820, -0.074, -3.200, -0.058, -5.660, -0.092, -0.080, -1.860,  2 Team Win Map 
0.036, -0.014, 1.580, 0.004, -0.020, 0.012, 1.220, 0.042, 0.068, -3.320,  1
0.004, -0.026, 1.880, -0.004, 0.300, 0.010, -3.120, 0.054, -0.224, 3.220,  1
0.040, -0.038, 1.240, 0.016, 1.600, 0.004, 0.480, 0.078, 0.328, 2.240,  2
0.002, -0.016, 1.060, 0.020, -1.800, -0.016, -1.700, -0.002, 0.120, -1.700,  1 Team Win Map 
-0.070, 0.000, -1.620, -0.070, -3.660, -0.066, -1.720, -0.090, 0.012, 1.940,  2 Team Win Map 
0.036, -0.016, 1.560, 0.060, 0.860, 0.022, -1.200, 0.062, 0.196, -1.240,  1
0.006, -0.018, -0.880, -0.010, -1.820, -0.008, -1.020, 0.016, -0.038, 6.020,  2
0.080, -0.022, 2.020, 0.076, 2.880, 0.044, -0.800, 0.098, 0.150, 4.520,  2 Team Win Map 
-0.030, 0.006, 0.060, -0.072, -2.740, -0.048, -3.160, -0.082, -0.150, 4.940,  1 Team Win Map 
-0.038, -0.006, -0.920, -0.048, -2.200, -0.018, 0.680, -0.018, 0.008, -0.800,  2 Team Win Map 
0.004, -0.010, 0.060, 0.008, 1.000, 0.012, -0.460, 0.036, 0.096, -0.060,  1 Team Win Map 
-0.010, 0.016, -0.540, -0.038, 0.280, 0.008, -2.160, -0.014, -0.002, -1.020,  2
-0.128, 0.006, -1.600, -0.112, -5.740, -0.102, -1.900, -0.182, -0.538, 7.220,  1
0.006, 0.014, -0.720, 0.106, 0.580, 0.016, 5.040, 0.008, 0.002, 0.560,  2
-0.058, 0.010, -1.100, -0.070, -2.580, -0.030, 4.560, -0.064, -0.110, -0.500,  1 Team Win Map 
0.496, -0.238, 21.280, 0.464, 15.540, 0.220, -7.440, 0.546, 0.596, 31.733,  1
0.050, -0.008, 4.660, 0.058, 0.820, 0.004, 7.340, 0.036, 0.638, -4.480,  1
-0.032, 0.028, -1.700, -0.010, -0.420, -0.004, -4.020, -0.046, 0.004, -0.240,  2 Team Win Map 
0.086, -0.030, 0.360, 0.156, 3.720, 0.054, -3.920, 0.122, 0.352, -6.200,  1 Team Win Map 
0.062, -0.026, 1.760, 0.106, 4.940, 0.038, -7.900, 0.094, 0.130, 5.740,  2
0.060, -0.016, 2.800, 0.120, 4.960, 0.048, 1.320, 0.094, 0.104, 4.360,  2 Team Win Map 
0.036, -0.016, 1.560, 0.060, 0.860, 0.022, -1.200, 0.062, 0.196, -1.240,  1 Team Win Map 
0.004, -0.030, 1.580, -0.018, -2.480, -0.026, 2.660, 0.014, 0.002, 3.380,  1 Team Win Map 
0.020, 0.012, -1.440, 0.050, 3.240, 0.034, 4.400, 0.034, -0.248, 6.340,  1
-0.006, 0.016, -2.180, 0.070, 3.000, 0.006, 2.160, -0.016, 0.064, 3.480,  2 Team Win Map 
0.068, -0.024, 2.840, 0.028, 2.200, 0.004, -3.920, 0.052, 0.098, 5.600,  1
-0.064, 0.038, -0.760, -0.054, -4.620, -0.032, 0.360, -0.102, -0.216, -1.200,  1
0.024, -0.006, 0.440, 0.006, -1.460, -0.006, -0.320, 0.004, -0.100, 5.880,  2 Team Win Map 
0.102, -0.028, 2.960, 0.120, 5.300, 0.036, 1.060, 0.116, 0.392, 10.760,  1
0.102, -0.026, 5.120, 0.068, 6.960, 0.052, 0.700, 0.104, 0.090, 8.060,  1
-0.030, -0.002, -0.660, -0.066, -2.800, -0.036, 2.900, -0.052, -0.008, -2.360,  2
0.102, -0.054, 4.600, 0.104, 4.600, 0.072, 0.400, 0.194, 0.136, 2.760,  1
-0.004, 0.020, -1.280, -0.010, -0.440, -0.012, 3.420, -0.040, -0.076, 2.060,  1 Team Win Map 
-0.190, 0.088, -3.640, -0.194, -11.700, -0.086, 4.360, -0.208, -0.190, -16.680,  2
-0.136, 0.050, -3.340, -0.194, -6.040, -0.072, 5.120, -0.170, -0.208, -5.860,  2
0.056, 0.014, 0.440, 0.106, 1.740, 0.044, 0.860, 0.050, 0.148, -1.260,  2 Team Win Map 
0.064, -0.030, 3.300, 0.012, 0.920, 0.016, 2.540, 0.064, 0.176, 0.100,  1
-0.064, 0.024, -2.780, -0.058, -1.640, -0.020, 2.440, -0.074, -0.174, -5.300,  1 Team Win Map 
0.050, -0.040, 1.800, 0.016, -1.020, -0.012, 4.780, 0.056, 0.120, 3.080,  1 Team Win Map 
-0.058, 0.010, -1.100, -0.070, -2.580, -0.030, 4.560, -0.064, -0.110, -0.500,  1
0.036, 0.042, 3.760, 0.028, 3.140, 0.034, 1.080, -0.032, 0.090, -3.280,  1
-0.094, 0.050, -2.100, -0.140, -4.560, -0.074, 0.780, -0.186, -0.288, -6.540,  2 Team Win Map 
0.062, -0.026, 1.760, 0.106, 4.940, 0.038, -7.900, 0.094, 0.130, 5.740,  2 Team Win Map 
-0.018, 0.002, 2.460, -0.094, -1.740, -0.030, -1.100, -0.048, 0.068, -2.840,  1 Team Win Map 
0.002, -0.014, 1.100, -0.026, -1.220, 0.006, -2.120, 0.022, 0.068, 0.980,  1
-0.034, -0.014, 1.080, -0.058, -1.100, -0.018, 8.460, -0.006, -0.140, -0.560,  1
0.070, 0.014, 1.475, 0.175, 10.400, 0.070, 0.400, 0.110, -0.637, -3.758,  1
-0.012, -0.016, -1.600, 0.036, -0.320, 0.002, -2.740, 0.036, 0.048, 5.860,  1 Team Win Map 
-0.046, 0.010, -0.520, -0.076, -2.680, -0.052, -1.220, -0.098, -0.150, -3.760,  2 Team Win Map 
0.010, -0.034, 1.940, 0.000, -1.680, 0.002, -2.080, 0.060, -0.062, 4.080,  2 Team Win Map 
0.028, 0.012, 1.860, 0.058, 3.200, 0.024, 0.100, 0.024, 0.078, 1.920,  1
0.016, 0.008, -0.440, -0.010, 2.820, 0.016, 2.460, 0.014, 0.016, 2.940,  1 Team Win Map 
0.142, -0.030, 5.160, 0.184, 8.680, 0.098, -6.280, 0.186, 0.228, -0.340,  1
0.056, -0.026, 0.360, 0.082, 3.360, 0.044, -0.460, 0.094, 0.162, 7.920,  2
0.000, -0.026, 1.280, 0.016, -1.220, -0.008, -2.780, 0.032, -0.040, -2.240,  2 Team Win Map 
0.076, -0.026, 0.960, 0.020, 1.600, 0.016, -9.160, 0.074, 0.112, 2.140,  2 Team Win Map 
0.008, 0.004, 0.900, 0.002, 1.600, 0.000, -5.940, -0.008, -0.016, -1.300,  1 Team Win Map 
-0.058, 0.010, -1.380, -0.080, -2.360, -0.020, 7.500, -0.040, -0.080, -0.820,  2
0.024, -0.006, 0.500, 0.068, 1.600, 0.032, -2.120, 0.056, 0.218, 3.280,  2
-0.014, 0.046, -1.280, 0.004, -1.460, -0.012, -2.500, -0.082, -0.162, -3.740,  2 Team Win Map 
-0.282, 0.138, -10.420, -0.200, -10.660, -0.120, 3.740, -0.424, -1.042, -5.940,  2
-0.018, 0.018, -1.160, 0.050, 2.640, 0.012, 0.440, -0.018, 0.200, 2.760,  1 Team Win Map 
-0.046, 0.010, -0.520, -0.076, -2.680, -0.052, -1.220, -0.098, -0.150, -3.760,  2
0.108, -0.044, 4.000, 0.144, 8.740, 0.078, 5.160, 0.160, 0.136, 1.960,  1
0.070, -0.026, 0.600, -0.002, -1.120, -0.002, -7.380, 0.060, 0.176, 1.900,  1 Team Win Map 
-0.112, 0.034, -2.780, -0.118, -6.260, -0.060, 1.620, -0.156, -0.258, -3.160,  1
0.052, -0.012, 0.940, 0.088, 3.780, 0.052, 2.060, 0.094, -0.106, 5.000,  1 Team Win Map 
-0.016, 0.019, -2.500, 0.035, 1.670, 0.007, -3.200, -0.025, 0.011, 2.255,  2
0.012, -0.016, -0.020, 0.026, -0.420, 0.004, -2.180, 0.038, 0.126, 2.440,  1 Team Win Map 
0.014, -0.034, 1.780, 0.006, 1.300, 0.008, -7.460, 0.058, -0.016, 2.220,  1 Team Win Map 
0.070, 0.000, 0.720, 0.152, 4.760, 0.042, 2.820, 0.062, 0.566, -5.260,  2
-0.042, 0.050, -3.960, -0.072, -3.200, -0.038, 0.360, -0.122, -0.218, -1.700,  1 Team Win Map 
0.062, -0.062, 3.920, 0.074, -0.340, 0.010, -1.440, 0.108, 0.206, -3.180,  1
-0.078, 0.032, -3.140, -0.064, -5.840, -0.066, 1.560, -0.140, -0.064, 0.020,  2 Team Win Map 
-0.080, 0.010, -1.440, -0.042, -0.860, -0.048, -8.080, -0.094, 0.040, -1.720,  2 Team Win Map 
-0.030, -0.014, -0.080, -0.094, -2.300, -0.024, 5.760, -0.010, -0.102, -3.780,  2
0.050, -0.040, 1.800, 0.016, -1.020, -0.012, 4.780, 0.056, 0.120, 3.080,  2
-0.034, 0.024, -1.960, 0.028, -0.780, 0.008, 1.260, -0.030, 0.060, 1.880,  1
0.014, -0.018, 1.540, -0.002, -0.200, 0.008, 3.480, 0.036, 0.114, 1.140,  1
0.084, -0.032, 2.560, 0.078, 4.460, 0.052, -0.820, 0.116, 0.108, 5.540,  1
0.494, -0.116, 16.160, 0.604, 36.280, 0.406, 19.920, 0.724, 0.688, -17.400,  1 Team Win Map 
0.148, -0.062, 7.360, 0.066, 5.180, 0.048, 3.000, 0.176, 0.342, 5.600,  1
-0.032, 0.014, -1.080, -0.034, -0.460, -0.012, -0.760, -0.032, 0.220, -1.400,  2
-0.030, 0.006, -0.960, -0.096, -4.680, -0.036, -0.680, -0.060, -0.084, -1.020,  1 Team Win Map 
-0.080, 0.010, -1.440, -0.042, -0.860, -0.048, -8.080, -0.094, 0.040, -1.720,  2
0.090, -0.022, 2.060, 0.078, 3.840, 0.024, -1.120, 0.084, 0.150, 0.900,  2
-0.038, -0.006, -0.920, -0.048, -2.200, -0.018, 0.680, -0.018, 0.008, -0.800,  2
-0.042, 0.018, -0.620, -0.074, -2.260, -0.022, 0.620, -0.066, -0.218, 0.860,  1 Team Win Map 
-0.010, -0.005, 0.040, -0.006, -3.200, -0.008, 0.950, -0.007, -0.048, -0.235,  1 Team Win Map 
0.014, -0.018, 1.540, -0.002, -0.200, 0.008, 3.480, 0.036, 0.114, 1.140,  1 Team Win Map 
0.074, -0.026, 3.500, 0.086, 2.260, 0.022, -8.460, 0.068, 0.202, 5.880,  2 Team Win Map 
-0.034, 0.030, -3.140, -0.036, -2.040, -0.010, 0.840, -0.066, 0.052, -2.980,  2
0.080, -0.006, 2.340, 0.144, 5.160, 0.046, -0.180, 0.080, 0.248, -0.660,  1
0.042, -0.028, 3.500, 0.016, -0.240, 0.006, -3.640, 0.062, -0.032, 1.840,  1
-0.034, 0.024, -0.780, -0.038, -0.360, -0.012, 0.740, -0.048, -0.034, -3.820,  2
0.064, 0.016, 0.200, 0.158, 3.680, 0.102, 2.540, 0.124, 0.276, 4.540,  1 Team Win Map 
-0.048, -0.002, 0.500, -0.036, -1.180, 0.008, -4.360, 0.008, -0.068, -6.200,  2 Team Win Map 
-0.048, 0.002, -0.520, -0.088, -2.880, -0.026, -4.200, -0.044, -0.002, -0.780,  2
-0.046, 0.022, -2.520, -0.052, -0.860, -0.020, -3.320, -0.080, 0.000, -6.140,  1 Team Win Map 
-0.050, 0.000, -0.600, -0.074, -4.720, -0.036, 0.060, -0.054, -0.172, -3.480,  2
0.142, -0.058, 6.120, 0.148, 6.640, 0.084, -7.040, 0.194, 0.330, 7.580,  1 Team Win Map 
-0.036, 0.024, -3.880, 0.018, 1.200, -0.012, -0.900, -0.050, -0.220, 1.840,  2
0.000, -0.008, -1.250, -0.021, -0.455, 0.005, 0.225, 0.009, 0.001, 1.585,  2
0.030, 0.020, -2.260, 0.098, 1.540, 0.026, -0.640, 0.010, 0.114, 0.040,  1 Team Win Map 
0.136, -0.024, 5.120, 0.138, 6.560, 0.068, 1.660, 0.128, 0.206, 9.720,  1
0.044, 0.010, 1.500, 0.070, 2.040, 0.026, 6.800, 0.018, 0.020, 2.340,  2
0.076, -0.068, 3.600, 0.004, 1.580, 0.002, -1.100, 0.112, 0.176, 0.680,  1
0.082, -0.088, 6.360, 0.062, 3.940, 0.016, 6.100, 0.132, 0.192, 4.140,  1
0.042, 0.000, 2.260, 0.048, 0.900, 0.020, -4.940, 0.032, 0.140, -1.620,  1 Team Win Map 
0.010, 0.006, -1.060, 0.074, 0.440, 0.002, -1.140, -0.004, 0.210, 6.260,  1 Team Win Map 
-0.040, 0.034, -0.800, -0.092, -0.540, -0.028, 2.920, -0.080, -0.146, -4.980,  1 Team Win Map 
0.056, -0.040, 3.660, -0.006, -1.480, -0.010, -2.540, 0.048, 0.098, 0.760,  1
0.116, -0.068, 4.100, 0.112, 4.380, 0.064, -0.540, 0.214, 0.146, -2.300,  1
-0.008, 0.004, -0.500, 0.044, -0.840, 0.020, -1.040, 0.000, -0.258, -4.620,  2
0.204, -0.060, 8.700, 0.250, 7.840, 0.124, -11.100, 0.320, 0.622, -0.520,  1 Team Win Map 
-0.052, 0.014, -1.200, -0.120, -3.000, -0.046, 8.640, -0.094, -0.182, -2.200,  1
-0.074, 0.044, -1.680, -0.078, -1.320, -0.040, -1.200, -0.138, -0.330, -6.080,  2 Team Win Map 
0.004, 0.000, -1.820, 0.042, 1.200, 0.000, 1.620, 0.006, 0.140, 0.760,  1
0.062, 0.022, -0.580, 0.030, 3.540, 0.016, 1.720, -0.004, 0.150, -6.020,  2 Team Win Map 
0.034, -0.012, 2.240, 0.010, 3.260, 0.028, -1.940, 0.056, 0.068, 2.380,  1 Team Win Map 
0.012, -0.016, -0.020, 0.026, -0.420, 0.004, -2.180, 0.038, 0.126, 2.440,  1
0.044, -0.020, 2.300, 0.048, 2.760, 0.020, 6.980, 0.060, 0.098, -3.180,  1
-0.086, 0.024, -0.500, -0.132, -4.320, -0.050, 0.400, -0.104, -0.234, -6.460,  2 Team Win Map 
-0.008, -0.006, -0.460, -0.034, -3.120, -0.020, -3.020, -0.016, 0.022, -0.080,  2
-0.120, 0.026, -3.960, -0.084, -1.060, -0.032, -6.120, -0.102, -0.054, -5.640,  2 Team Win Map 
0.030, -0.014, 3.100, 0.010, -1.340, -0.014, -1.900, 0.006, -0.030, -7.480,  2
0.072, -0.010, 2.740, 0.118, 3.340, 0.042, -4.440, 0.070, -0.020, 5.560,  1 Team Win Map 
-0.011, 0.020, -2.010, -0.055, -0.395, 0.004, 1.165, -0.027, -0.163, -1.325,  2 Team Win Map 
0.066, -0.008, 2.000, 0.078, 2.320, 0.030, -2.540, 0.058, 0.200, -0.480,  1
0.018, -0.028, 1.680, 0.012, -0.640, 0.002, 7.180, 0.054, 0.056, 1.320,  2
-0.010, 0.004, -1.400, -0.076, -1.760, -0.018, 6.260, -0.030, 0.010, 1.000,  1
0.030, 0.002, 0.920, 0.138, 5.320, 0.042, 8.200, 0.066, 0.070, 3.140,  1 Team Win Map 
0.102, -0.028, 2.960, 0.120, 5.300, 0.036, 1.060, 0.116, 0.392, 10.760,  1 Team Win Map 
0.104, -0.012, 2.400, 0.268, -1.180, -0.024, 4.080, -0.016, -1.126, 24.240,  1 Team Win Map 
